%YAML:1.0
---
markersPerTracker: 45
arucoParams:
   cornerRefinementMethod: 0
   markerBorderBits: 1
   adaptiveThreshConstant: 7.
   adaptiveThreshWinSizeMax: 23
   adaptiveThreshWinSizeMin: 3
   adaptiveThreshWinSizeStep: 10
   aprilTagCriticalRad: 1.7453292012214661e-01
   aprilTagDeglitch: 0
   aprilTagMaxLineFitMse: 10.
   aprilTagMaxNmaxima: 10
   aprilTagMinClusterPixels: 5
   aprilTagMinWhiteBlackDiff: 5
   aprilTagQuadDecimate: 0.
   aprilTagQuadSigma: 0.
   cornerRefinementMaxIterations: 30
   cornerRefinementMinAccuracy: 1.0000000000000001e-01
   cornerRefinementWinSize: 5
   detectInvertedMarker: 0
   errorCorrectionRate: 5.9999999999999998e-01
   maxErroneousBitsInBorderRate: 3.4999999999999998e-01
   maxMarkerPerimeterRate: 4.
   minCornerDistanceRate: 5.0000000000000003e-02
   minDistanceToBorder: 3
   minMarkerDistanceRate: 5.0000000000000003e-02
   minMarkerPerimeterRate: 2.9999999999999999e-02
   minOtsuStdDev: 5.
   perspectiveRemoveIgnoredMarginPerCell: 1.3000000000000000e-01
   perspectiveRemovePixelPerCell: 4
   polygonalApproxAccuracyRate: 2.9999999999999999e-02
cameraAddr: "0"
cameraApiPreference: 0
camFps: 75
camHeight: 640
camWidth: 480
cameraMatrix: !!opencv-matrix
   rows: 3
   cols: 3
   dt: d
   data: [ 5.9187256554941871e+02, 0., 2.5922360183310070e+02, 0.,
       5.9726988482591514e+02, 2.2898193981278226e+02, 0., 0., 1. ]
distortionCoeffs: !!opencv-matrix
   rows: 1
   cols: 5
   dt: d
   data: [ -7.3432200994949431e-02, 5.7667561123356392e-01,
       7.2864026061905604e-03, -2.1870745101708670e-02,
       -1.7627742608351198e+00 ]
stdDeviationsIntrinsics: !!opencv-matrix
   rows: 18
   cols: 1
   dt: d
   data: [ 1.0466803202708670e+01, 1.0768767970238846e+01,
       1.0182653465480511e+01, 1.1329708883821546e+01,
       6.1208119054535409e-02, 5.7685026111451443e-01,
       4.9886383240817355e-03, 4.6901225884858396e-03,
       1.6429640488329471e+00, 0., 0., 0., 0., 0., 0., 0., 0., 0. ]
perViewErrors: [ 3.9050817375459407e-01, 6.5652875399690980e-01,
    5.9407250973712178e-01, 7.1302144466118267e-01,
    6.6738287004698882e-01, 6.8237288984088773e-01,
    5.8878594861747824e-01, 6.0354821105066170e-01,
    3.1137894827071805e-01, 6.5938892533099791e-01,
    5.1501586050821502e-01, 6.1770966493393276e-01,
    5.9525852224203546e-01 ]
allCharucoCorners:
   - [ 8.27401962e+01, 5.86399765e+01, 8.04082947e+01, 9.15173950e+01,
       7.78583298e+01, 1.23497704e+02, 7.57377243e+01, 1.54624924e+02,
       7.34560013e+01, 1.85384323e+02, 1.15558174e+02, 3.03298645e+01,
       1.13401970e+02, 6.38832817e+01, 1.11087158e+02, 9.64616089e+01,
       1.07919609e+02, 1.28749664e+02, 1.05236481e+02, 1.60033066e+02,
       1.03448822e+02, 1.90777832e+02, 1.47503967e+02, 3.53257027e+01,
       1.43689117e+02, 6.88826218e+01, 1.41162186e+02, 1.01849915e+02,
       1.38257431e+02, 1.34077606e+02, 1.35326202e+02, 1.65631104e+02,
       1.33248611e+02, 1.96041885e+02, 1.79146500e+02, 4.02430420e+01,
       1.75482910e+02, 7.40670929e+01, 1.71537704e+02, 1.07212044e+02,
       1.68522232e+02, 1.39495270e+02, 1.65480087e+02, 1.71002304e+02,
       1.63066071e+02, 2.01770386e+02, 2.11687546e+02, 4.53254433e+01,
       2.07140488e+02, 7.91992950e+01, 2.03606689e+02, 1.12675697e+02,
       1.99737167e+02, 1.44604385e+02, 1.96347443e+02, 1.76704437e+02,
       1.93015823e+02, 2.07768066e+02, 2.43734894e+02, 5.02965012e+01,
       2.39618088e+02, 8.47328186e+01, 2.35112427e+02, 1.17861443e+02,
       2.31168243e+02, 1.50438705e+02, 2.27023514e+02, 1.82138779e+02,
       2.22509613e+02, 2.13715561e+02 ]
   - [ 1.21452057e+02, 4.19116783e+01, 1.12504784e+02, 8.24214783e+01,
       1.04186119e+02, 1.20647018e+02, 1.64375153e+02, 5.55121880e+01,
       1.54179352e+02, 9.44951553e+01, 1.45031799e+02, 1.30543045e+02,
       2.05505173e+02, 6.89449234e+01, 1.94259415e+02, 1.06539719e+02,
       1.83837845e+02, 1.40925888e+02, 2.58278534e+02, 4.29064980e+01,
       2.45122345e+02, 8.13624115e+01, 2.32658752e+02, 1.17223602e+02,
       2.21352203e+02, 1.51533859e+02, 2.97226746e+02, 5.58835258e+01,
       2.82922577e+02, 9.30073318e+01, 2.69798676e+02, 1.28788086e+02,
       2.57325806e+02, 1.62781723e+02, 3.34291992e+02, 6.87160950e+01,
       3.19696075e+02, 1.05481354e+02, 3.05593262e+02, 1.40464615e+02,
       2.92570618e+02, 1.74714935e+02 ]
   - [ 2.61816193e+02, 5.91474266e+01, 2.50338577e+02, 9.75563736e+01,
       2.39437119e+02, 1.34457214e+02, 2.99455017e+02, 7.11912231e+01,
       2.87322815e+02, 1.08401764e+02, 2.75386292e+02, 1.43891174e+02,
       2.64371155e+02, 1.78296814e+02, 3.50372681e+02, 4.62009621e+01,
       3.86767975e+02, 5.91659126e+01, 4.21794983e+02, 7.18194046e+01,
       4.06938690e+02, 1.07764626e+02, 3.92426331e+02, 1.42308517e+02,
       3.78917786e+02, 1.75522095e+02, 3.65779022e+02, 2.07931351e+02,
       4.71077789e+02, 4.65363617e+01, 4.55856781e+02, 8.40799561e+01,
       4.40091644e+02, 1.19450729e+02, 4.25510254e+02, 1.53427032e+02,
       4.11336914e+02, 1.86348190e+02, 3.98195007e+02, 2.18654602e+02 ]
   - [ 2.95906036e+02, 9.26091766e+01, 2.80845490e+02, 1.28331177e+02,
       2.66554047e+02, 1.62047470e+02, 2.53159668e+02, 1.94505997e+02,
       2.40401459e+02, 2.25360062e+02, 2.28406296e+02, 2.55213943e+02,
       3.33360077e+02, 1.08409172e+02, 3.17440002e+02, 1.43458176e+02,
       3.02203674e+02, 1.75953934e+02, 2.88055695e+02, 2.06849197e+02,
       2.74497467e+02, 2.36484558e+02, 2.61765259e+02, 2.64437927e+02,
       2.49832932e+02, 2.91320007e+02, 3.70033569e+02, 1.23333580e+02,
       3.53372284e+02, 1.58555542e+02, 3.37211029e+02, 1.90926208e+02,
       2.94186768e+02, 2.76107269e+02, 2.81604858e+02, 3.01495117e+02,
       4.05712646e+02, 1.38545944e+02, 3.88275146e+02, 1.72895157e+02,
       3.71433502e+02, 2.04393875e+02, 3.25893799e+02, 2.87714844e+02,
       3.12383148e+02, 3.12669464e+02, 4.40399628e+02, 1.53440353e+02,
       4.22303833e+02, 1.86785294e+02, 4.04703766e+02, 2.18011322e+02,
       3.87887756e+02, 2.46572510e+02, 3.72032013e+02, 2.73580353e+02,
       3.56866669e+02, 2.99490295e+02, 3.42557800e+02, 3.24588928e+02,
       4.37079865e+02, 2.30935165e+02, 4.19538849e+02, 2.58975494e+02,
       4.02920990e+02, 2.85824951e+02, 3.87217407e+02, 3.11644501e+02,
       3.72115387e+02, 3.36962128e+02 ]
   - [ 2.23388123e+02, 1.07278717e+02, 2.11218384e+02, 1.38453842e+02,
       1.99619568e+02, 1.67881744e+02, 1.88710938e+02, 1.95778152e+02,
       2.58046783e+02, 1.24872849e+02, 2.44574280e+02, 1.55604462e+02,
       2.32526566e+02, 1.83644836e+02, 2.21046310e+02, 2.10069870e+02,
       2.09997299e+02, 2.35260910e+02, 1.99590530e+02, 2.59010956e+02,
       1.89944351e+02, 2.81383606e+02, 2.93480530e+02, 1.41464493e+02,
       2.77950989e+02, 1.72808594e+02, 2.64416412e+02, 2.00660629e+02,
       2.29548019e+02, 2.72433380e+02, 2.19272949e+02, 2.93775665e+02,
       3.27612305e+02, 1.58972672e+02, 3.11614655e+02, 1.89283188e+02,
       2.96671539e+02, 2.16665649e+02, 3.61937988e+02, 1.75965759e+02,
       3.44742798e+02, 2.05595352e+02, 3.28723267e+02, 2.32554306e+02,
       3.14086426e+02, 2.57026794e+02, 3.95267456e+02, 1.92534775e+02,
       3.77266174e+02, 2.21662170e+02, 3.60278839e+02, 2.47849228e+02,
       3.44643402e+02, 2.71558716e+02, 3.02363251e+02, 3.36143677e+02 ]
   - [ 2.80463135e+02, 1.28631973e+02, 2.64983337e+02, 1.56064728e+02,
       2.50273193e+02, 1.81697128e+02, 2.36496780e+02, 2.06008453e+02,
       2.23655731e+02, 2.28581085e+02, 2.11461441e+02, 2.49950348e+02,
       3.12295410e+02, 1.50378891e+02, 2.95480103e+02, 1.77092728e+02,
       2.80302368e+02, 2.01097351e+02, 2.66010742e+02, 2.23845627e+02,
       2.27512268e+02, 2.84764435e+02, 3.45145538e+02, 1.70882812e+02,
       3.25833282e+02, 1.98309067e+02, 3.09284485e+02, 2.22047165e+02,
       3.38777740e+02, 2.41813690e+02, 3.68179565e+02, 2.61375061e+02,
       3.50587463e+02, 2.81635406e+02, 4.39202026e+02, 2.34608612e+02,
       4.17353455e+02, 2.58423340e+02, 3.97247131e+02, 2.80318726e+02,
